1,3        14            4            6.4751
2,5        10            4            5.8509
4,14       12            1            4.9582
6,8        10            3            5.7035
7,35       10            4            5.8509
9,11        5            3            5.9276
10,31      14            1            4.9088
12,15      10            1            4.9480
13,23      12            2            5.0000
16,19       5            1            4.4986
17,20       7            1            7.8418
18,54       5            4            5.8509
21,24      24            1            5.0502
22,47      12            1            5.0458
25,26       7            2            6.9579
27,32      12            2            5.0000
28,43      14            2            6.7560
29,48      12            1            501335
30,51      19            1            4.9935
33,36      14            1            4.9088
34,40      10            1            4.8765
37,38       7            4            6.4751
39,74      10            1            5.0913
41,44      12            1            5.1275
42,71      10            1            4.9248
45,57      10            3            5.2169
46,67      10            2            5.1575
49,52       5            1            5.2299
50,55       7            3            6.5600
53,58       5            1            4.8240
56,60      10            4            5.8509
59,61      10            1            5.0026
62,64      14            1            5.0599
63,68      12            1            5.0757
65,69       5            1            5.2299
66,75       7            1            4.8854
70,72      10            1            5.0000
73,76       5            1            5.0785



9,10,25_0,5,1,5.0000,3,0
9,10,25_1,5,1,5.0000,3,1
10,9,26,5,2,5.0000,2,-1
10,11,27,5,2,5.0000,0,-1
10,15,28,5,2,5.0000,3,-1
10,16,29,7,2,5.0000,1,-1
11,10,32_0,5,1,5.0000,1,0
11,10,32_1,5,1,5.0000,1,1
15,10,43_0,5,1,5.0000,2,0
15,10,43_1,5,1,5.0000,2,1
16,10,48_0,7,1,5.0000,0,0
16,10,48_1,7,1,5.0000,0,1