1,2,1,14,4,6.4751,1,2
1,3,2,10,4,5.8509,3,3,0&1
2,1,3,14,4,6.4751,0,2
2,6,4,12,1,4.9582,3,3,0&2
3,1,5,10,4,5.8509,2,2
3,4,6,10,3,5.7035,1,3,0&2
3,12,7,10,4,5.8509,3,3,0&1
4,3,8,10,3,5.7035,0,3,1&2
4,5,9,5,3,5.9276,1,3,0&2
4,11,10,14,1,4.9088,3,4
5,4,11,5,3,5.9276,0,3,0&1
5,6,12,10,1,4.9480,1,3,1&2
5,9,13,12,2,5.0000,3,3,0&1
6,2,14,12,1,4.9582,2,2
6,5,15,10,1,4.9480,0,3,0&1
6,8,16,5,1,4.4986,3,4
7,8,17,7,1,7.8418,0,4
7,18,18,5,4,5.8509,3,3,0&2
8,6,19,5,1,4.4986,2,3,0&1
8,7,20,7,1,7.8418,1,2
8,9,21,24,1,5.0502,0,3,1&2
8,16,22,12,1,5.0458,3,4
9,5,23,12,2,5.0000,2,3,1&2
9,8,24,24,1,5.0502,1,4
9,10,25,7,3,6.9579,3,4
10,9,26,7,2,6.9579,2,3,0&2
10,11,27,12,2,5.0000,0,4
10,25,28,7,2,6.7560,3,3,0&1
10,16,29,12,1,5.1335,1,4
11,4,31,14,1,4.9088,2,3,1&2
11,10,32,12,3,5.0000,1,4
11,12,33,14,1,4.9088,0,3,1&2
11,14,34,10,1,4.8765,3,3,0&1
12,3,35,10,4,5.8509,2,3,0&2
12,11,36,14,1,4.9088,1,4
12,13,37,7,4,6.4751,3,2
13,12,38,7,4,6.4751,2,3,0&2
13,24,39,10,1,5.0913,1,3,0&1
14,11,40,10,1,4.8765,2,4
14,15,41,12,1,5.1275,1,4
14,23,42,10,1,4.9248,3,3,0&1
15,14,44,12,1,5.1275,0,3,1&2
15,19,45,10,3,5.2169,1,3,1&2
15,22,46,10,2,5.1575,3,4
15,25,78,7,2,6.7560,2,3,0&2
16,8,47,12,1,5.0458,2,4
16,10,48,12,1,5.1335,0,4
16,17,49,5,1,5.2299,3,3,0&2
16,18,50,7,3,6.5600,1,3,1&2
17,25,51,19,1,4.9935,0,3,1&2
17,16,52,5,1,5.2299,2,4
17,19,53,5,1,4.8240,3,3,0&2
18,7,54,5,4,5.8509,2,2
18,16,55,7,3,6.5600,0,4
18,20,56,10,4,5.8509,3,4,
19,15,57,10,3,5.2169,0,4
19,17,58,10,1,4.8240,2,3,0&1
19,20,59,10,1,5.0026,3,4
20,18,60,10,4,5.8509,2,3,0&1
20,19,61,10,1,5.0026,2,3,0&1
20,21,62,14,1,5.0599,0,3,0&2
20,22,63,12,1,5.0757,0,4
21,20,64,14,1,5.0599,1,4
21,22,65,5,1,5.2299,2,4
21,24,66,7,1,4.8854,0,3,0&2
22,15,67,10,2,5.1575,2,4
22,20,68,12,1,5.0757,1,4
22,21,69,5,1,5.2299,3,3,1&2
22,23,70,10,1,5.0000,0,3,1&2
23,14,71,10,1,4.9248,2,3,0&2
23,22,72,10,1,5.0000,1,4
23,24,73,5,1,5.0785,3,3,1&2
24,13,74,10,1,5.0913,0,2
24,21,75,7,1,4.8854,1,3,0&1
24,23,76,5,1,5.0785,2,3,0&2
25,10,43,7,2,6.7560,2,4
25,15,77,7,2,6.7560,3,4
25,17,30,19,1,4.9935,1,3,1&2
